batch_size: 600
beta: 0.049999999999999996
buffer_size: 30000
gradient_steps: 1
hidden_dim: 64
learning_rate: 0.0003333333333333333
learning_starts: 1000
target_update_interval: 160
tau: 0.4
tau_theta: 0.95
train_freq: 1
